45 0 
2 0 0 0 1
6 0 0 1 1
9 0 0 1 2
12 0 0 1 3
14 1 0 1 3
17 1 0 1 4
20 1 0 1 5
23 1 0 1 6
27 1 0 2 6
31 1 0 3 6
32 1 0 3 6
33 1 0 3 6
34 1 0 3 6
36 2 0 3 6
39 2 0 3 7
42 2 0 3 8
43 2 0 3 8
44 2 0 3 8
45 2 0 3 8
48 2 0 3 9
50 3 0 3 9
53 3 0 3 10
55 4 0 3 10
57 5 0 3 10
59 6 0 3 10
60 6 0 3 10
61 6 0 3 10
62 6 0 3 10
64 7 0 3 10
65 7 0 3 10
66 7 0 3 10
67 7 0 3 10
68 7 0 3 10
69 7 0 3 10
72 7 0 3 11
75 7 0 3 12
76 7 0 3 12
77 7 0 3 12
78 7 0 3 12
82 7 0 4 12
86 7 0 5 12
87 7 0 5 12
88 7 0 5 12
89 7 0 5 12
93 7 0 6 12
94 7 0 6 12
95 7 0 6 12
99 7 0 7 12
102 7 0 7 13
104 8 0 7 13
107 8 0 7 14
110 8 0 7 15
111 8 0 7 15
112 8 0 7 15
113 8 0 7 15
117 8 0 8 15
120 8 0 8 16
121 8 0 8 16
122 8 0 8 16
123 8 0 8 16
127 8 0 9 16
129 9 0 9 16
132 9 0 9 17
136 9 0 10 17
139 9 0 10 18
142 9 0 10 19
143 9 0 10 19
144 9 0 10 19
145 9 0 10 19
146 9 0 10 19
147 9 0 10 19
150 9 0 10 20
154 9 0 11 20
158 9 0 12 20
159 9 0 12 20
160 9 0 12 20
161 9 0 12 20
162 9 0 12 20
165 9 0 12 21
168 9 0 12 22
171 9 0 12 23
174 9 0 12 24
175 9 0 12 24
176 9 0 12 24
177 9 0 12 24
180 9 0 12 25
183 9 0 12 26
186 9 0 12 27
187 9 0 12 27
188 9 0 12 27
189 9 0 12 27
193 9 0 13 27
197 9 0 14 27
200 9 0 14 28
201 9 0 14 28
202 9 0 14 28
204 10 0 14 28
208 10 0 15 28
210 11 0 15 28
211 11 0 15 28
212 11 0 15 28
213 11 0 15 28
214 11 0 15 28
215 11 0 15 28
216 11 0 15 28
219 11 0 15 29
222 11 0 15 30
223 11 0 15 30
224 11 0 15 30
225 11 0 15 30
226 11 0 15 30
227 11 0 15 30
228 11 0 15 30
229 11 0 15 30
230 11 0 15 30
233 11 0 15 31
235 12 0 15 31
237 13 0 15 31
240 13 0 15 32
244 13 0 16 32
247 13 0 16 33
250 13 0 16 34
254 13 0 16 35
256 14 0 16 35
258 15 0 16 35
260 16 0 16 35
263 16 0 16 36
266 16 0 16 37
269 16 0 16 38
273 16 0 17 38
274 16 0 17 38
275 16 0 17 38
278 16 0 17 39
279 16 0 17 39
280 16 0 17 39
282 17 0 17 39
285 17 0 17 40
288 17 0 17 41
291 17 0 17 42
294 17 0 17 43
297 17 0 17 44
299 18 0 17 44
300 18 0 17 44
301 18 0 17 44
302 18 0 17 44
303 18 0 17 44
304 18 0 17 44
308 18 0 18 44
311 18 0 18 45
312 18 0 18 45
313 18 0 18 45
314 18 0 18 45
318 18 0 19 45
320 19 0 19 45
321 19 0 19 45
322 19 0 19 45
323 19 0 19 45
327 19 0 19 46
330 19 0 19 47
333 19 0 19 48
336 19 0 19 49
337 19 0 19 49
338 19 0 19 49
339 19 0 19 49
342 19 0 19 50
345 19 0 19 51
348 19 0 19 52
351 19 0 19 53
354 19 0 19 54
355 19 0 19 54
356 19 0 19 54
357 19 0 19 54
360 19 0 19 55
362 20 0 19 55
366 20 0 20 55
370 20 0 21 55
374 20 0 22 55
377 20 0 22 56
379 21 0 22 56
381 22 0 22 56
382 22 0 22 56
383 22 0 22 56
386 22 0 22 57
387 22 0 22 57
388 22 0 22 57
389 22 0 22 57
393 22 0 23 57
396 22 0 23 58
399 22 0 23 59
402 22 0 23 60
403 22 0 23 60
404 22 0 23 60
405 22 0 23 60
406 22 0 23 60
410 22 0 24 60
413 22 0 24 61
417 22 0 24 62
421 22 0 24 63
424 22 0 24 64
425 22 0 24 64
426 22 0 24 64
427 22 0 24 64
428 22 0 24 64
429 22 0 24 64
432 22 0 24 65
435 22 0 24 66
439 22 0 25 66
441 23 0 25 66
444 23 0 25 67
447 23 0 25 68
450 23 0 25 69
453 23 0 25 70
456 23 0 25 71
460 23 0 26 71
463 23 0 26 72
465 24 0 26 72
467 25 0 26 72
469 26 0 26 72
472 26 0 26 73
473 26 0 26 73
474 26 0 26 73
475 26 0 26 73
476 26 0 26 73
477 26 0 26 73
478 26 0 26 73
479 26 0 26 73
481 27 0 26 73
483 28 0 26 73
485 29 0 26 73
488 29 0 26 74
491 29 0 26 75
492 29 0 26 75
493 29 0 26 75
494 29 0 26 75
495 29 0 26 75
496 29 0 26 75
499 29 0 26 76
500 29 0 26 76
501 29 0 26 76
502 29 0 26 76
506 29 0 26 77
508 30 0 26 77
512 30 0 27 77
515 30 0 27 78
518 30 0 27 79
520 31 0 27 79
523 31 0 27 80
526 31 0 27 81
528 32 0 27 81
531 32 0 27 82
534 32 0 27 83
537 32 0 27 84
538 32 0 27 84
539 32 0 27 84
541 33 0 27 84
543 34 0 27 84
544 34 0 27 84
545 34 0 27 84
548 34 0 27 85
551 34 0 27 86
554 34 0 27 87
556 35 0 27 87
558 36 0 27 87
560 37 0 27 87
563 37 0 27 88
566 37 0 27 89
567 37 0 27 89
568 37 0 27 89
569 37 0 27 89
570 37 0 27 89
572 38 0 27 89
573 38 0 27 89
574 38 0 27 89
577 38 0 27 90
580 38 0 27 91
582 39 0 27 91
586 39 0 28 91
590 39 0 29 91
592 40 0 29 91
596 40 0 30 91
597 40 0 30 91
598 40 0 30 91
599 40 0 30 91
600 40 0 30 91
603 40 0 30 92
606 40 0 30 93
607 40 0 30 93
608 40 0 30 93
609 40 0 30 93
612 40 0 30 94
615 40 0 30 95
618 40 0 30 96
622 40 0 31 96
625 40 0 31 97
628 40 0 31 98
631 40 0 31 99
634 40 0 31 100
637 40 0 31 101
640 40 0 31 102
643 40 0 31 103
647 40 0 32 103
650 40 0 32 104
654 40 0 32 105
657 40 0 32 106
661 40 0 33 106
662 40 0 33 106
663 40 0 33 106
664 40 0 33 106
665 40 0 33 106
669 40 0 34 106
672 40 0 34 107
675 40 0 34 108
676 40 0 34 108
677 40 0 34 108
678 40 0 34 108
681 40 0 34 109
684 40 0 34 110
685 40 0 34 110
686 40 0 34 110
687 40 0 34 110
690 40 0 34 111
692 41 0 34 111
695 41 0 34 112
698 41 0 34 113
701 41 0 34 114
705 41 0 34 115
708 41 0 34 116
709 41 0 34 116
710 41 0 34 116
711 41 0 34 116
712 41 0 34 116
713 41 0 34 116
714 41 0 34 116
717 41 0 34 117
719 42 0 34 117
722 42 0 34 118
723 42 0 34 118
724 42 0 34 118
725 42 0 34 118
728 42 0 34 119
731 42 0 34 120
734 42 0 34 121
738 42 0 35 121
739 42 0 35 121
740 42 0 35 121
741 42 0 35 121
744 42 0 35 122
748 42 0 36 122
752 42 0 37 122
755 42 0 37 123
759 42 0 38 123
762 42 0 38 124
763 42 0 38 124
764 42 0 38 124
768 42 0 39 124
772 42 0 40 124
776 42 0 41 124
779 42 0 41 125
782 42 0 41 126
785 42 0 41 127
786 42 0 41 127
787 42 0 41 127
790 42 0 41 128
793 42 0 41 129
797 42 0 42 129
801 42 0 43 129
805 42 0 43 130
808 42 0 43 131
811 42 0 43 132
813 43 0 43 132
816 43 0 43 133
820 43 0 44 133
821 43 0 44 133
822 43 0 44 133
823 43 0 44 133
827 43 0 45 133
831 43 0 46 133
834 43 0 46 134
838 43 0 47 134
841 43 0 47 135
844 43 0 47 136
847 43 0 47 137
848 43 0 47 137
849 43 0 47 137
850 43 0 47 137
851 43 0 47 137
852 43 0 47 137
853 43 0 47 137
854 43 0 47 137
855 43 0 47 137
858 43 0 47 138
861 43 0 47 139
864 43 0 47 140
867 43 0 47 141
868 43 0 47 141
869 43 0 47 141
870 43 0 47 141
871 43 0 47 141
872 43 0 47 141
873 43 0 47 141
876 43 0 47 142
879 43 0 47 143
882 43 0 47 144
885 43 0 47 145
888 43 0 47 146
892 43 0 48 146
893 43 0 48 146
894 43 0 48 146
895 43 0 48 146
898 43 0 48 147
901 43 0 48 148
904 43 0 48 149
907 43 0 48 150
910 43 0 48 151
913 43 0 48 152
916 43 0 48 153
917 43 0 48 153
918 43 0 48 153
919 43 0 48 153
920 43 0 48 153
924 43 0 49 153
928 43 0 49 154
931 43 0 49 155
935 43 0 50 155
938 43 0 50 156
941 43 0 50 157
944 43 0 50 158
948 43 0 51 158
951 43 0 51 159
952 43 0 51 159
953 43 0 51 159
954 43 0 51 159
957 43 0 51 160
961 43 0 52 160
964 43 0 52 161
965 43 0 52 161
966 43 0 52 161
967 43 0 52 161
970 43 0 52 162
973 43 0 52 163
976 43 0 52 164
977 43 0 52 164
978 43 0 52 164
979 43 0 52 164
982 43 0 52 165
985 43 0 52 166
986 43 0 52 166
987 43 0 52 166
988 43 0 52 166
991 43 0 52 167
994 43 0 52 168
997 43 0 52 169
1000 43 0 52 170
1004 43 0 53 170
1008 43 0 53 171
1009 43 0 53 171
1010 43 0 53 171
1013 43 0 53 172
1014 43 0 53 172
1015 43 0 53 172
1016 43 0 53 172
1018 44 0 53 172
1021 44 0 53 173
1022 44 0 53 173
1023 44 0 53 173
1024 44 0 53 173
1027 44 0 53 174
1030 44 0 53 175
1033 44 0 53 176
1037 44 0 54 176
1041 44 0 55 176
1044 44 0 55 177
1047 44 0 55 178
1050 44 0 55 179
1051 44 0 55 179
1052 44 0 55 179
1053 44 0 55 179
1054 44 0 55 179
1055 44 0 55 179
1056 44 0 55 179
1057 44 0 55 179
1058 44 0 55 179
1061 44 0 55 180
1064 44 0 55 181
1065 44 0 55 181
1066 44 0 55 181
1067 44 0 55 181
1071 44 0 56 181
1074 44 0 56 182
1078 44 0 57 182
1081 44 0 57 183
1084 44 0 57 184
1085 44 0 57 184
1086 44 0 57 184
1087 44 0 57 184
1089 45 0 57 184
1092 45 0 57 185
1093 45 0 57 185
1094 45 0 57 185
1095 45 0 57 185
1096 45 0 57 185
1099 45 0 57 186
1102 45 0 57 187
1105 45 0 57 188
1109 45 0 58 188
1113 45 0 58 189
1116 45 0 58 190
1117 45 0 58 190
1118 45 0 58 190
1119 45 0 58 190
1123 45 0 58 191
1126 45 0 58 192
1129 45 0 58 193
1132 45 0 58 194
1136 45 0 59 194
1140 45 0 60 194
1143 45 0 60 195
1146 45 0 60 196
1149 45 0 60 197
1152 45 0 60 198
1155 45 0 60 199
1156 45 0 60 199
1157 45 0 60 199
1158 45 0 60 199
1162 45 0 61 199
1165 45 0 61 200
1168 45 0 61 201
1172 45 0 62 201
1176 45 0 62 202
1179 45 0 62 203
1182 45 0 62 204
1183 45 0 62 204
1184 45 0 62 204
1185 45 0 62 204
1186 45 0 62 204
1190 45 0 63 204
1193 45 0 63 205
1196 45 0 63 206
1199 45 0 63 207
1203 45 0 64 207
1204 45 0 64 207
1205 45 0 64 207
1206 45 0 64 207
1207 45 0 64 207
1210 45 0 64 208
1213 45 0 64 209
1216 45 0 64 210
1219 45 0 64 211
1220 45 0 64 211
1221 45 0 64 211
1222 45 0 64 211
1225 45 0 64 212
1229 45 0 64 213
1232 45 0 64 214
1236 45 0 65 214
1239 45 0 65 215
1243 45 0 65 216
1244 45 0 65 216
1245 45 0 65 216
1246 45 0 65 216
1247 45 0 65 216
1251 45 0 66 216
1252 45 0 66 216
1253 45 0 66 216
1254 45 0 66 216
1258 45 0 67 216
1261 45 0 67 217
1264 45 0 67 218
1267 45 0 67 219
1268 45 0 67 219
1269 45 0 67 219
1270 45 0 67 219
1271 45 0 67 219
1274 45 0 67 220
1278 45 0 68 220
1279 45 0 68 220
1280 45 0 68 220
1281 45 0 68 220
1285 45 0 69 220
1286 45 0 69 220
1287 45 0 69 220
1288 45 0 69 220
1291 45 0 69 221
1294 45 0 69 222
1297 45 0 69 223
1301 45 0 70 223
1304 45 0 70 224
1308 45 0 71 224
1312 45 0 72 224
1315 45 0 72 225
1316 45 0 72 225
1317 45 0 72 225
1318 45 0 72 225
1319 45 0 72 225
1323 45 0 73 225
1327 45 0 73 226
1330 45 0 73 227
1331 45 0 73 227
1332 45 0 73 227
1333 45 0 73 227
1337 45 0 73 228
1341 45 0 73 229
1345 45 0 73 230
1348 45 0 73 231
1352 45 0 73 232
1356 45 0 73 233
1357 45 0 73 233
1358 45 0 73 233
1359 45 0 73 233
1362 45 0 73 234
1366 45 0 74 234
1367 45 0 74 234
1368 45 0 74 234
1369 45 0 74 234
1372 45 0 74 235
1376 45 0 74 236
1380 45 0 75 236
1383 45 0 75 237
1384 45 0 75 237
1385 45 0 75 237
1386 45 0 75 237
1389 45 0 75 238
1393 45 0 76 238
1396 45 0 76 239
1397 45 0 76 239
1398 45 0 76 239
1399 45 0 76 239
1402 45 0 76 240
1405 45 0 76 241
1406 45 0 76 241
1407 45 0 76 241
1408 45 0 76 241
1409 45 0 76 241
1412 45 0 76 242
1416 45 0 77 242
1419 45 0 77 243
1423 45 0 77 244
1426 45 0 77 245
1429 45 0 77 246
1432 45 0 77 247
1436 45 0 78 247
1439 45 0 78 248
1442 45 0 78 249
1443 45 0 78 249
1444 45 0 78 249
1445 45 0 78 249
1446 45 0 78 249
1449 45 0 78 250
1450 45 0 78 250
1451 45 0 78 250
1452 45 0 78 250
1455 45 0 78 251
1458 45 0 78 252
1461 45 0 78 253
1465 45 0 79 253
1468 45 0 79 254
1471 45 0 79 255
1474 45 0 79 256
1477 45 0 79 257
1480 45 0 79 258
1481 45 0 79 258
1482 45 0 79 258
1483 45 0 79 258
1484 45 0 79 258
1485 45 0 79 258
1486 45 0 79 258
1489 45 0 79 259
1493 45 0 80 259
1497 45 0 81 259
1500 45 0 81 260
1501 45 0 81 260
1502 45 0 81 260
1503 45 0 81 260
1506 45 0 81 261
1509 45 0 81 262
1512 45 0 81 263
1513 45 0 81 263
1514 45 0 81 263
1515 45 0 81 263
1516 45 0 81 263
1519 45 0 81 264
1520 45 0 81 264
1521 45 0 81 264
1522 45 0 81 264
1525 45 0 81 265
1526 45 0 81 265
1527 45 0 81 265
1528 45 0 81 265
1529 45 0 81 265
1532 45 0 81 266
1535 45 0 81 267
1538 45 0 81 268
1541 45 0 81 269
1544 45 0 81 270
1547 45 0 81 271
1551 45 0 82 271
1554 45 0 82 272
1555 45 0 82 272
1556 45 0 82 272
1557 45 0 82 272
1560 45 0 82 273
1564 45 0 82 274
1565 45 0 82 274
1566 45 0 82 274
1567 45 0 82 274
1568 45 0 82 274
1571 45 0 82 275
1575 45 0 83 275
1579 45 0 83 276
1583 45 0 83 277
1584 45 0 83 277
1585 45 0 83 277
1586 45 0 83 277
1587 45 0 83 277
1588 45 0 83 277
1589 45 0 83 277
1590 45 0 83 277
1594 45 0 83 278
1595 45 0 83 278
1596 45 0 83 278
1597 45 0 83 278
1598 45 0 83 278
1602 45 0 83 279
1606 45 0 83 280
1610 45 0 83 281
1611 45 0 83 281
1612 45 0 83 281
1613 45 0 83 281
1614 45 0 83 281
1618 45 0 83 282
1622 45 0 83 283
1623 45 0 83 283
1624 45 0 83 283
1625 45 0 83 283
1626 45 0 83 283
1630 45 0 84 283
1634 45 0 85 283
1635 45 0 85 283
1636 45 0 85 283
1637 45 0 85 283
1638 45 0 85 283
1643 45 0 85 284
1644 45 0 85 284
1645 45 0 85 284
1646 45 0 85 284
1647 45 0 85 284
1648 45 0 85 284
1649 45 0 85 284
1650 45 0 85 284
1651 45 0 85 284
1652 45 0 85 284
1655 45 0 85 285
1659 45 0 86 285
1662 45 0 86 286
1666 45 0 86 287
1669 45 0 86 288
1673 45 0 86 289
1674 45 0 86 289
1675 45 0 86 289
1676 45 0 86 289
1677 45 0 86 289
1682 45 0 86 290
1685 45 0 86 291
1686 45 0 86 291
1687 45 0 86 291
1688 45 0 86 291
1689 45 0 86 291
1690 45 0 86 291
1691 45 0 86 291
1694 45 0 86 292
1695 45 0 86 292
1696 45 0 86 292
1697 45 0 86 292
1698 45 0 86 292
1702 45 0 86 293
1706 45 0 87 293
1707 45 0 87 293
1708 45 0 87 293
1709 45 0 87 293
1712 45 0 87 294
1716 45 0 87 295
1720 45 0 87 296
1724 45 0 87 297
1728 45 0 87 298
1732 45 0 88 298
1736 45 0 89 298
1740 45 0 89 299
1744 45 0 89 300
1748 45 0 89 301
1749 45 0 89 301
1750 45 0 89 301
1751 45 0 89 301
1752 45 0 89 301
1756 45 0 89 302
1760 45 0 89 303
1764 45 0 89 304
1768 45 0 89 305
1772 45 0 90 305
1776 45 0 90 306
1780 45 0 90 307
1784 45 0 90 308
1788 45 0 90 309
1789 45 0 90 309
1790 45 0 90 309
1791 45 0 90 309
1792 45 0 90 309
1793 45 0 90 309
1794 45 0 90 309
1795 45 0 90 309
1796 45 0 90 309
1800 45 0 90 310
1801 45 0 90 310
1802 45 0 90 310
1803 45 0 90 310
1804 45 0 90 310
1808 45 0 90 311
1812 45 0 90 312
1816 45 0 90 313
1817 45 0 90 313
1818 45 0 90 313
1819 45 0 90 313
1820 45 0 90 313
1824 45 0 91 313
1830 45 0 91 314
1835 45 0 91 315
1840 45 0 91 316
1844 45 0 92 316
1848 45 0 92 317
1852 45 0 93 317
1855 45 0 93 318
1859 45 0 94 318
1863 45 0 94 319
1867 45 0 94 320
1871 45 0 95 320
1872 45 0 95 320
1873 45 0 95 320
1874 45 0 95 320
1875 45 0 95 320
1879 45 0 95 321
1880 45 0 95 321
1881 45 0 95 321
1882 45 0 95 321
1883 45 0 95 321
1884 45 0 95 321
1885 45 0 95 321
1886 45 0 95 321
1887 45 0 95 321
1891 45 0 95 322
1895 45 0 96 322
1899 45 0 96 323
1900 45 0 96 323
1901 45 0 96 323
1902 45 0 96 323
1903 45 0 96 323
1907 45 0 97 323
1911 45 0 97 324
1915 45 0 97 325
1919 45 0 98 325
1923 45 0 98 326
1927 45 0 98 327
1931 45 0 98 328
1935 45 0 98 329
1939 45 0 99 329
1944 45 0 99 330
1950 45 0 99 331
1956 45 0 99 332
1960 45 0 100 332
1964 45 0 100 333
1965 45 0 100 333
1966 45 0 100 333
1967 45 0 100 333
1968 45 0 100 333
1973 45 0 100 334
1978 45 0 100 335
1982 45 0 100 336
1987 45 0 100 337
1993 45 0 100 338
